IP: 1100   1100  0000  0000   1100    1100    1111    1111    1111    0000   1010  1010   1111   0000   1010  1010
E: 0111    1010   0001   0101    0101    0101     0111   1010    0001    0101    0101    0101
PC1 (key): 1111    0000    1100    1100    1010    1010    0000    1010    1010    1100    1100    1111    0000    0000
Left Shift L (key): 1110   0001    1001    1001    0101   0100   0001    0101
Left Shift R (key): 1100   0011    0011    0010   1010    1000
PC2 (key): 0000   1011   0000    0010    0110    0111    0000    1011    1010    1110    1100    0001
E (after XOR): 011100   010001    011100    110010    011100    011011    101110    010100
S: 0000    1100     0010     0001     1110     1011    1110     0011
P: 1010   0001     0011   1111    0001    0000    0011    1101
Ri: 0110    1101    0011    1111    0111    0110    0110    00010
